SplitterH.X=640.171509
SplitterH.Y=480.500000
SplitterH.Height=961.000000
ViewportType3=3
SplitterH.Width=20.000000
CameraSpeedScalar3=1.000000
SplitterV.X=0.000000
SplitterV.Width=1369.000000
CameraSpeedScalar2=2.598000
SplitterV.Y=466.751862
SplitterV.Height=20.000000
PerspectiveCameraRotX2=0.000000
ShowFlag1=15
CameraSpeedSetting0=1
CameraSpeedScalar0=2.200000
GridSize0=10.000000
PerspectiveCameraRotY2=0.926283
PerspectiveCameraLocX0=-74.269516
PerspectiveCameraLocY0=-37.782970
PerspectiveCameraLocZ0=26.138142
ShowFlag3=15
CameraSpeedSetting2=1
PerspectiveCameraRotX0=0.000000
PerspectiveCameraLocX2=-28.107929
PerspectiveCameraRotY0=22.600000
PerspectiveCameraRotZ0=-686.528992
PerspectiveCameraRotX3=0.000000
CameraSpeedSetting1=1
ShowFlag0=30
bMutiView=0
ViewMode0=0
ViewportType0=0
CameraSpeedScalar1=3.400000
GridSize1=10.000000
PerspectiveCameraRotY3=23.899998
PerspectiveCameraLocX1=-13.032328
ScreenHeight=0
PerspectiveCameraLocY1=-87.649734
PerspectiveCameraLocZ1=47.724892
CameraSpeedSetting3=1
ShowFlag2=15
PerspectiveCameraRotX1=0.000000
PerspectiveCameraLocX3=3.457821
PerspectiveCameraRotY1=20.299967
PerspectiveCameraRotZ1=-19.000046
ViewMode1=3
ViewportType1=0
GridSize2=10.000000
PerspectiveCameraLocY2=-27.869390
PerspectiveCameraLocZ2=25.837776
PerspectiveCameraRotZ2=0.770000
ScreenWidth=0
ViewMode2=0
ViewportType2=1
GridSize3=10.000000
PerspectiveCameraLocY3=30.354818
PerspectiveCameraLocZ3=14.345372
PerspectiveCameraRotZ3=-87.200005
ViewMode3=0
OrthoZoomSize=52.000008
ActiveViewportIndex=0
OrthoPivotX=-11.299992
OrthoPivotY=3.949983
OrthoPivotZ=-4.470028
