SplitterH.X=897.830078
SplitterH.Y=480.500000
SplitterH.Height=1137.000000
ViewportType3=0
SplitterH.Width=20.000000
CameraSpeedScalar3=1.000000
SplitterV.X=0.000000
SplitterV.Width=1920.000000
CameraSpeedScalar2=2.598000
SplitterV.Y=552.234009
SplitterV.Height=20.000000
PerspectiveCameraRotX2=0.000000
ShowFlag1=15
CameraSpeedSetting0=1
CameraSpeedScalar0=2.200000
GridSize0=10.000000
PerspectiveCameraRotY2=0.926283
PerspectiveCameraLocX0=-34.066784
PerspectiveCameraLocY0=15.657988
PerspectiveCameraLocZ0=24.655420
ShowFlag3=15
CameraSpeedSetting2=1
PerspectiveCameraRotX0=0.000000
PerspectiveCameraLocX2=-28.107929
PerspectiveCameraRotY0=27.899973
PerspectiveCameraRotZ0=-726.729309
PerspectiveCameraRotX3=0.000000
CameraSpeedSetting1=1
ShowFlag0=30
bMutiView=0
ViewMode0=0
ViewportType0=0
CameraSpeedScalar1=3.400000
GridSize1=10.000000
PerspectiveCameraRotY3=20.400003
PerspectiveCameraLocX1=-53.617805
ScreenHeight=0
PerspectiveCameraLocY1=15.968733
PerspectiveCameraLocZ1=66.726677
CameraSpeedSetting3=1
ShowFlag2=15
PerspectiveCameraRotX1=0.000000
PerspectiveCameraLocX3=-3.661780
PerspectiveCameraRotY1=56.799950
PerspectiveCameraRotZ1=30.399994
ViewMode1=0
ViewportType1=0
GridSize2=10.000000
PerspectiveCameraLocY2=-27.869390
PerspectiveCameraLocZ2=25.837776
PerspectiveCameraRotZ2=0.770000
ScreenWidth=0
ViewMode2=0
ViewportType2=1
GridSize3=10.000000
PerspectiveCameraLocY3=-73.392967
PerspectiveCameraLocZ3=39.259811
PerspectiveCameraRotZ3=-265.100067
ViewMode3=0
OrthoZoomSize=52.000008
ActiveViewportIndex=0
OrthoPivotX=5.950003
OrthoPivotY=45.099983
OrthoPivotZ=19.579971
