SplitterH.X=719.666809
SplitterH.Y=480.500000
SplitterH.Height=961.000000
ViewportType3=3
SplitterH.Width=20.000000
CameraSpeedScalar3=1.000000
SplitterV.X=0.000000
SplitterV.Width=1539.000000
CameraSpeedScalar2=2.598000
SplitterV.Y=430.408020
SplitterV.Height=20.000000
PerspectiveCameraRotX2=0.000000
ShowFlag1=15
CameraSpeedSetting0=1
CameraSpeedScalar0=2.200000
GridSize0=10.000000
PerspectiveCameraRotY2=0.926283
PerspectiveCameraLocX0=-24.220463
PerspectiveCameraLocY0=-67.955620
PerspectiveCameraLocZ0=39.082779
ShowFlag3=15
CameraSpeedSetting2=1
PerspectiveCameraRotX0=0.000000
PerspectiveCameraLocX2=-28.107929
PerspectiveCameraRotY0=9.800033
PerspectiveCameraRotZ0=-663.232178
PerspectiveCameraRotX3=0.000000
CameraSpeedSetting1=1
ShowFlag0=14
bMutiView=0
ViewMode0=0
ViewportType0=0
CameraSpeedScalar1=3.400000
GridSize1=10.000000
PerspectiveCameraRotY3=23.899998
PerspectiveCameraLocX1=7.458688
ScreenHeight=0
PerspectiveCameraLocY1=-77.153023
PerspectiveCameraLocZ1=46.743572
CameraSpeedSetting3=1
ShowFlag2=15
PerspectiveCameraRotX1=0.000000
PerspectiveCameraLocX3=3.457821
PerspectiveCameraRotY1=30.199976
PerspectiveCameraRotZ1=73.999916
ViewMode1=1
ViewportType1=0
GridSize2=10.000000
PerspectiveCameraLocY2=-27.869390
PerspectiveCameraLocZ2=25.837776
PerspectiveCameraRotZ2=0.770000
ScreenWidth=0
ViewMode2=0
ViewportType2=3
GridSize3=10.000000
PerspectiveCameraLocY3=30.354818
PerspectiveCameraLocZ3=14.345372
PerspectiveCameraRotZ3=-87.200005
ViewMode3=0
OrthoZoomSize=11.199985
ActiveViewportIndex=0
OrthoPivotX=-33.049984
OrthoPivotY=0.349985
OrthoPivotZ=0.979971
