SplitterH.X=426.825409
SplitterH.Y=480.500000
SplitterH.Height=961.000000
ViewportType3=0
SplitterH.Width=20.000000
CameraSpeedScalar3=2.700000
SplitterV.X=0.000000
SplitterV.Width=984.000000
CameraSpeedScalar2=2.598000
SplitterV.Y=464.346344
SplitterV.Height=20.000000
PerspectiveCameraRotX2=0.000000
ShowFlag1=15
CameraSpeedSetting0=1
CameraSpeedScalar0=0.198000
GridSize0=10.000000
PerspectiveCameraRotY2=0.926283
PerspectiveCameraLocX0=9.297119
PerspectiveCameraLocY0=46.769794
PerspectiveCameraLocZ0=27.300060
ShowFlag3=15
CameraSpeedSetting2=1
PerspectiveCameraRotX0=0.000000
PerspectiveCameraLocX2=-28.107929
PerspectiveCameraRotY0=26.000534
PerspectiveCameraRotZ0=-3342.179688
PerspectiveCameraRotX3=0.000000
CameraSpeedSetting1=1
ShowFlag0=31
bMutiView=0
ViewMode0=2
ViewportType0=0
CameraSpeedScalar1=3.400000
GridSize1=10.000000
PerspectiveCameraRotY3=-86.099899
PerspectiveCameraLocX1=-19.899097
ScreenHeight=0
PerspectiveCameraLocY1=18.392511
PerspectiveCameraLocZ1=27.246519
CameraSpeedSetting3=1
ShowFlag2=15
PerspectiveCameraRotX1=0.000000
PerspectiveCameraLocX3=-367.665558
PerspectiveCameraRotY1=40.299973
PerspectiveCameraRotZ1=-39.299999
ViewMode1=0
ViewportType1=1
GridSize2=10.000000
PerspectiveCameraLocY2=-27.869390
PerspectiveCameraLocZ2=25.837776
PerspectiveCameraRotZ2=0.770000
ScreenWidth=0
ViewMode2=0
ViewportType2=3
GridSize3=10.000000
PerspectiveCameraLocY3=-1041.104736
PerspectiveCameraLocZ3=549.702942
PerspectiveCameraRotZ3=-728.399536
ViewMode3=2
OrthoZoomSize=191.200043
ActiveViewportIndex=0
OrthoPivotX=8.350018
OrthoPivotY=40.749920
OrthoPivotZ=12.179972
