SplitterH.X=1143.830200
SplitterH.Y=480.500000
SplitterH.Height=1137.000000
ViewportType3=0
SplitterH.Width=20.000000
CameraSpeedScalar3=3.400000
SplitterV.X=0.000000
SplitterV.Width=1920.000000
CameraSpeedScalar2=2.598000
SplitterV.Y=549.388000
SplitterV.Height=20.000000
PerspectiveCameraRotX2=0.000000
ShowFlag1=15
CameraSpeedSetting0=1
CameraSpeedScalar0=1.000000
GridSize0=10.000000
PerspectiveCameraRotY2=0.926283
PerspectiveCameraLocX0=-34.257820
PerspectiveCameraLocY0=-69.015724
PerspectiveCameraLocZ0=31.583281
ShowFlag3=15
CameraSpeedSetting2=1
PerspectiveCameraRotX0=0.000000
PerspectiveCameraLocX2=-28.107929
PerspectiveCameraRotY0=9.800009
PerspectiveCameraRotZ0=-246.927536
PerspectiveCameraRotX3=0.000000
CameraSpeedSetting1=1
ShowFlag0=31
bMutiView=0
ViewMode0=4
ViewportType0=0
CameraSpeedScalar1=3.400000
GridSize1=10.000000
PerspectiveCameraRotY3=26.200018
PerspectiveCameraLocX1=-19.899097
ScreenHeight=0
PerspectiveCameraLocY1=18.392511
PerspectiveCameraLocZ1=27.246519
CameraSpeedSetting3=1
ShowFlag2=15
PerspectiveCameraRotX1=0.000000
PerspectiveCameraLocX3=3.462640
PerspectiveCameraRotY1=48.799931
PerspectiveCameraRotZ1=-71.500008
ViewMode1=0
ViewportType1=0
GridSize2=10.000000
PerspectiveCameraLocY2=-27.869390
PerspectiveCameraLocZ2=25.837776
PerspectiveCameraRotZ2=0.770000
ScreenWidth=0
ViewMode2=0
ViewportType2=1
GridSize3=10.000000
PerspectiveCameraLocY3=8.277521
PerspectiveCameraLocZ3=4.415061
PerspectiveCameraRotZ3=-472.700470
ViewMode3=0
OrthoZoomSize=191.200043
ActiveViewportIndex=0
OrthoPivotX=9.800016
OrthoPivotY=40.749920
OrthoPivotZ=19.579971
